start=679.970958
speed=1.210000
pause=yes
