start=2072.486444
speed=1.948717
