start=2194.766444
speed=1.610510
