start=329.966444
speed=1.771561
pause=yes
