start=1658.006444
speed=1.331000
