start=89.130708
speed=1.210000
