start=250.828133
speed=1.331000
