start=672.166444
speed=1.948717
