start=30.166444
speed=1.771561
