start=351.584794
speed=1.500000
pause=yes
