start=1849.846444
speed=1.771561
