start=510.243067
speed=1.300000
volume=90.000000
