start=402.610542
speed=1.331000
pause=yes
contrast=-6
aid=1
