start=169.052217
speed=1.400000
pause=yes
