start=2811.526444
speed=1.610510
