start=363.196167
speed=1.200000
pause=yes
volume=100.000000
gamma=-1
brightness=1
