start=1179.006444
speed=1.948717
