start=2275.966444
speed=2.143589
