start=2614.326444
speed=1.771561
