start=1263.666667
speed=1.400000
fullscreen=yes
