start=939.320000
volume=77.000000
