start=6527.800000
speed=1.610510
