start=1701.886444
speed=1.948717
